%YAML:1.0
---
CameraExtrinsicMat: !!opencv-matrix
   rows: 4
   cols: 4
   dt: d
   data: [ 0.4789629057, 0.01630226803,
       0.8776837534, 0.1875,
       -0.8777985781, 0.01801980332,
       0.4786908637, 0.125,
      -0.008011941848,-0.9997047178,
       0.02294092506, -0.1, 0., 0., 0., 1. ]
CameraMat: !!opencv-matrix
   rows: 3
   cols: 3
   dt: d
   data: [ 1.0465751614784044e+03, 0., 7.1498146581850983e+02, 0.,
       1.0452498293888996e+03, 5.5193529585079102e+02, 0., 0., 1. ]
DistCoeff: !!opencv-matrix
   rows: 1
   cols: 5
   dt: d
   data: [ -3.6485675795461631e-01, 1.9354475127057258e-01,
       -5.8614767670252119e-05, 2.4646681414743592e-04,
       -6.5908909985740602e-02 ]
ImageSize: [ 1440, 1080 ]
ReprojectionError: 0
DistModel: plumb_bob
# data:   [ 0.5536187039 ,  0.01702627502 ,   0.8325962026,   0.1875,
#      -0.832742847,    0.01943290979 ,   0.5533188166,    0.125,
#     -0.006758808554 ,  -0.9996661783,  0.02493693106,    -0.1,
#      0., 0., 0., 1.]
#    data: [  5.0930586303469294e-01, 1.5663455064537868e-02,
#        8.6044302196829259e-01, 3.1286406517028809e-01,
#        -8.6054828258867277e-01, 1.8577767089876823e-02,
#        5.0902997937610683e-01, -2.1931057795882225e-02,
#       -8.0119418477763715e-03,-9.9970471777690206e-01,
#        2.2940925056160133e-02, -1.6624252498149872e-01, 0., 0., 0., 1. ]
# Euler angles (RPY): (1.796645082769145, -0.6791015824385555, -0.1665591124886586)
# Rotation Matrix: [[ 0.76736873 -0.64079792 -0.02287477]
#  [-0.12900744 -0.11934735 -0.98443552]
#  [ 0.62809419  0.75837605 -0.17425113]]
# Translation Offsets: [[-0.4467563   0.05420949  0.0436769 ]]
# CameraExtrinsicMat: !!opencv-matrix
#    rows: 4
#    cols: 4
#    dt: d
#    data: [ 5.0930586303469294e-01, 1.5663455064537868e-02, 8.6044302196829259e-01, 3.1286406517028809e-01,
#     -8.6054828258867277e-01, 1.8577767089876823e-02,5.0902997937610683e-01, -2.1931057795882225e-02,
#     -8.0119418477763715e-03, -9.9970471777690206e-01, 2.2940925056160133e-02, -1.6624252498149872e-01, 
#      0., 0., 0., 1. ]