%YAML:1.0
---
CameraExtrinsicMat: !!opencv-matrix
   rows: 4
   cols: 4
   dt: d
   data: [ 4.2577929156507283e-01, 5.5404677679222246e-17,
       9.0482705246601947e-01, 1.8750000000000000e-01,
       -9.0482705246601947e-01, 2.6071462327919703e-17,
       4.2577929156507283e-01, 1.2500000000000000e-01, 0., -1.,
       6.1232339957367660e-17, -1.0000000000000001e-01, 0., 0., 0., 1. ]
CameraMat: !!opencv-matrix
   rows: 3
   cols: 3
   dt: d
   data: [ 1.0465751614784044e+03, 0., 7.1498146581850983e+02, 0.,
       1.0452498293888996e+03, 5.5193529585079102e+02, 0., 0., 1. ]
DistCoeff: !!opencv-matrix
   rows: 1
   cols: 5
   dt: d
   data: [ -3.6485675795461631e-01, 1.9354475127057258e-01,
       -5.8614767670252119e-05, 2.4646681414743592e-04,
       -6.5908909985740602e-02 ]
ImageSize: [ 1440, 1080 ]
ReprojectionError: 0
DistModel: plumb_bob
